128
236
244
146
31
5
92
212
255
181
58
0
59
182
255
211
91
5
32
147
245
235
127
20
12
111
226
250
163
43
2
76
199
255
196
73
1
46
166
251
223
108
11
22
130
237
243
144
30
6
94
214
254
179
56
0
61
184
255
210
89
4
33
149
246
234
125
18
13
113
227
250
160
41
2
78
200
255
194
71
1
47
168
252
222
105
10
23
133
238
242
142
28
7
97
215
254
177
55
0
63
186
255
208
87
4
35
152
247
233
122
17
14
116
228
249
158
40
2
80
202
255
192
69
1
49
170
252
220
103
9
24
135
239
241
139
27
7
99
217
253
174
53
0
65
188
255
206
85
3
36
154
247
231
120
16
15
118
230
248
156
38
3
83
204
255
190
67
0
51
172
253
219
101
8
25
137
240
240
137
25
8
101
219
253
172
51
0
67
190
255
204
83
3
38
156
248
230
118
15
16
120
231
247
154
36
3
85
206
255
188
65
0
53
174
253
217
99
7
27
139
241
239
135
24
9
103
220
252
170
49
1
69
192
255
202
80
2
40
158
249
228
116
14
17
122
233
247
152
35
4
87
208
255
186
63
